Reagent Park,Brown,60,50,2,10,30,90,160,250,30,0
St. James Town,Brown,60,50,4,20,60,180,320,450,30,0
Kipling Station,Railroad,200,0,25,50,100,200,0,0,100,0
Western Road,Light_Blue,100,50,6,30,90,270,400,550,50,0
Moss Park,Light_Blue,100,50,6,30,90,270,400,550,50,0
Annex,Light_Blue,120,50,8,40,100,300,450,600,60,0
Chinatown,Pink,140,100,10,50,150,450,625,750,70,0
Electric Company,Utility,150,0,0,0,0,0,0,0,75,0
Eglinton Ave,Pink,140,100,10,50,150,450,625,750,70,0
St. Clair,Pink,160,100,12,60,180,500,700,900,80,0
Union Station,Railroad,200,0,25,50,100,200,0,0,100,0
Dons Valley Dr.,Orange,180,100,14,70,200,550,750,950,90,0
Duffern St.,Orange,180,100,14,70,200,550,750,950,90,0
Bay St.,Orange,200,100,16,80,220,600,800,1000,100,0
Young St.,Red,220,150,18,90,250,700,875,1050,110,0
Highway 401,Red,220,150,18,90,250,700,875,1050,110,0
King St.,Red,240,150,20,100,300,750,925,1100,120,0
Finch Station,Railroad,200,0,25,50,100,200,0,0,100,0
St. George,Yellow,260,150,22,110,330,800,975,1150,130,0
Lake Shore Bvld.,Yellow,260,150,22,110,330,800,975,1150,130,0
Hydro Company,Utility,150,0,0,0,0,0,0,0,75,0
Richmond Hill,Yellow,280,150,24,120,360,850,1025,1200,140,0
Royal York Rd.,Green,300,200,26,130,390,900,1100,1275,150,0
Casa Loma,Green,300,200,26,130,390,900,1100,1275,150,0
Rosedale Park,Green,320,200,28,150,450,1000,1200,1400,160,0
Kennedy Station,Railroad,200,0,25,50,100,200,0,0,100,0
High Park,Dark_Blue,350,200,35,175,500,1100,1300,1500,175,0
Forest Hill,Dark_Blue,400,200,50,200,600,1400,1700,2000,200,0
